87
34
10
24
89
78
99
24
96
51
87
11
55
0
46
10
20
50
87
53
15
45
88
49
42
59
19
4
28
64
92
30
18
96
51
40
45
13
85
34
40
60
69
2
33
80
22
56
4
16
95
5
50
15
45
12
60
48
21
3
68
39
34
67
15
9
36
33
46
0
0
58
68
26
39
97
91
0
75
43
96
17
1
13
62
76
67
64
89
45
15
17
71
45
47
21
46
78
60
76
4
55
64
90
86
46
21
1
52
43
25
74
99
98
32
34
87
8
15
42
23
97
64
12
30
0
77
31
25
11
68
57
7
39
6
53
80
54
84
92
14
14
44
66
89
98
6
7
5
83
79
50
34
69
11
61
23
9
70
92
98
37
70
10
26
29
80
80
62
82
60
1
69
48
13
34
15
29
58
88
63
65
4
5
8
23
9
46
67
94
27
2
72
85
68
0
92
86
90
8
91
29
12
18
0
5
89
65
47
67
33
11
75
15
95
4
5
42
35
70
19
20
23
35
81
69
78
81
57
35
53
89
61
81
54
7
0
20
26
50
12
39
33
60
88
99
16
4
44
2
81
49
40
69
8
29
21
41
44
75
36
27
35
21
53
93
59
23
21
64
5
0
73
82
18
63
34
31
86
94
47
76
44
81
77
24
69
24
57
70
10
84
14
3
29
40
80
68
40
43
87
44
29
54
94
92
79
37
97
24
89
40
69
49
50
51
28
41
61
88
7
71
17
56
62
10
36
45
55
98
25
81
74
24
7
81
96
84
40
77
31
78
84
68
32
56
13
41
65
89
39
67
24
11
45
36
40
3
31
73
82
17
29
0
39
79
98
82
44
18
58
45
86
76
44
44
95
92
31
26
35
4
12
73
54
88
24
65
43
79
54
49
86
47
24
49
73
87
60
41
88
4
18
39
54
24
97
84
1
6
42
84
24
38
51
40
31
32
99
19
64
63
87
70
31
26
27
13
38
81
47
27
56
93
98
28
37
67
86
14
92
29
98
39
83
36
2
19
41
4
50
78
30
6
46
0
28
36
72
5
94
78
61
22
8
48
82
34
79
69
2
5
83
53
29
80
83
6
24
80
46
43
36
94
29
15
50
24
97
15
23
64
19
91
56
98
15
13
25
52
4
13
61
39
22
78
39
98
15
12
76
74
73
17
36
96
42
73
25
33
52
85
33
48
76
51
4
77
37
81
39
42
59
70
26
70
59
73
48
11
35
20
6
56
87
70
66
39
72
37
39
55
8
60
8
31
10
26
43
8
32
34
1
16
74
85
70
0
51
91
31
87
3
84
64
39
43
6
8
62
60
27
59
16
42
1
56
15
12
54
92
96
30
93
32
23
55
48
61
15
64
45
59
67
75
21
95
66
83
92
67
74
92
20
95
80
16
23
90
85
61
64
80
94
93
18
54
72
8
78
84
35
1
9
2
73
33
90
36
62
59
92
34
46
23
92
47
47
64
54
86
93
65
74
80
58
32
17
4
96
57
61
34
54
18
0
19
46
42
61
0
61
74
4
19
34
80
31
82
40
36
35
61
4
92
98
75
23
24
64
70
72
15
28
90
71
79
65
73
19
43
61
33
56
17
23
97
19
66
51
13
32
19
80
24
22
41
7
33
37
2
91
14
89
39
51
12
51
73
35
37
72
11
49
32
54
89
96
60
99
30
65
57
48
98
20
94
99
16
32
11
70
67
88
38
25
83
5
77
22
81
10
28
16
25
76
25
69
82
38
61
27
39
45
65
21
3
50
25
76
16
74
99
38
86
0
56
53
59
39
55
65
40
7
66
20
65
30
99
45
41
12
1
36
56
65
40
90
93
80
53
73
29
8
78
1
2
40
62
11
82
91
79
94
30
70
75
20
1
31
55
88
13
29
96
59
67
34
18
42
8
6
68
17
84
28
77
61
59
94
67
87
11
55
34
10
13
34
78
13
4
73
96
31
84
99
6
62
25
16
92
3
92
53
1
35
30
21
53
76
45
99
17
93
44
12
29
16
9
17
87
97
62
56
76
67
4
50
25
55
31
40
71
33
81
43
9
97
72
87
34
77
32
27
49
57
4
10
15
25
99
4
25
68
2
84
32
62
39
93
10
1
14
54
74
12
23
34
29
29
80
58
43
15
37
99
46
9
97
53
26
54
75
31
18
16
50
66
40
43
7
2
43
60
49
41
52
4
98
16
82
29
80
67
55
7
89
44
49
87
10
77
46
67
57
94
13
83
47
63
99
6
78
23
17
0
32
53
97
85