1419
1339
1300
1748
1705
1966
1486
1639
1674
1695
1413
1849
1881
1574
1387
1923
1886
1458
1926
1871
1302
1593
1668
1874
1840
1772
1591
1686
1988
1650
1327
1699
1988
1879
1801
1639
1657
1636
1662
1434
1999
1387
1476
1722
1439
1784
1611
1352
1476
1460
1887
1992
1402
1835
1300
1303
1971
1747
1950
1504
1788
1447
1462
1562
1468
1813
1411
1598
1558
1608
1728
1897
1917
1562
1334
1803
1515
1902
1932
1303
1642
1936
1725
1797
1583
1360
1586
1714
1927
1642
1889
1660
1769
1468
1395
1573
1878
1652
1408
1743
1542
1568
1630
1722
1487
1452
1334
1798
1656
1471
1926
1354
1566
1678
1547
1393
1574
1853
1783
1424
1907
1907
1790
1532
1879
1302
1875
1751
1612
1415
1550
1417
1493
1780
1435
1487
1400
1734
1714
1432
1461
1950
1400
1738
1416
1442
1994
1486
1913
1695
1977
1645
1748
1816
1895
1797
1517
1991
1921
1687
1638
1462
1450
1676
1342
1621
1614
1423
1568
1635
1612
1651
1887
1816
1684
1780
1633
1556
1748
1648
1413
1624
1491
1877
1496
1363
1414
1982
1554
1702
1820
1415
1313
1909
1922
1515
1579
1331
1894
1350
1926
1547
1913
1783
1865
1877
1855
1445
1686
1954
1533
1318
1704
1319
1778
1775
1657
1676
1663
1822
1720
1506
1700
1641
1908
1867
1337
1533
1954
1914
1640
1485
1780
1505
1593
1354
1725
1601
1730
1563
1760
1635
1790
1676
1881
1868
1882
1732
1916
1986
1764
1956
1523
1618
1472
1417
1325
1448
1525
1503
1719
1777
1584
1894
1517
1639
1462
1632
1941
1825
1784
1499
1824
1739
1424
1749
1780
1761
1742
1780
1488
1323
1967
1338
1643
1885
1327
1426
1705
1459
1377
1972
1887
1558
1304
1373
1929
1818
1972
1679
1714
1682
1896
1681
1365
1726
1959
1959
1965
1769
1843
1894
1885
1785
1355
1567
1471
1876
1846
1523
1888
1448
1732
1758
1824
1441
1880
1961
1442
1911
1315
1746
1976
1743
1752
1736
1460
1512
1783
1691
1405
1471
1519
1659
1380
1969
1341
1463
1305
1528
1821
1400
1412
1665
1318
1438
1681
1763
1458
1922
1860
1605
1368
1532
1761
1695
1641
1893
1497
1797
1986
1630
1634
1841
1960
1517
1786
1565
1991
1991
1546
1919
1322
1568
1781
1525
1725
1751
1303
1438
1814
1355
1411
1944
1997
1941
1744
1768
1658
1969
1345
1318
1650
1949
1395
1706
1848
1435
1878
1853
1998
1975
1356
1650
1452
1595
1578
1614
1915
1795
1717
1933
1961
1694
1496
1922
1359
1467
1959
1833
1545
1791
1452
1685
1792
1595
1906
1918
1734
1847
1776
1542
1486
1635
1387
1865
1622
1349
1672
1569
1845
1497
1650
1388
1449
1916
1571
1972
1604
1774
1655
1872
1977
1951
1732
1355
1633
1510
1882
1450
1846
1428
1977
1471
1500
1496
1985
1361
1452
1941
1676
1319
1697
1690
1608
1645
1425
1456
1630
1946
1839
1649
1356
1422
1876
1584
1491
1990
1774
1779
1775
1326
1355
1665
1941
1506
1446
1936
1802
1314
1616
1464
1652
1325
1355
1417
1665
1576
1745
1795
1704
1846
1534
1615
1982
1691
1811
1676
1659
1982
1813
1437
1625
1335
1950
1358
1515
1538
1431
1876
1975
1626
1950
1487
1520
1992
1758
1641
1828
1748
1704
1456
1904
1368
1440
1556
1677
1872
1808
1609
1959
1648
1635
1328
1965
1719
1339
1997
1904
1571
1904
1447
1435
1525
1767
1352
1924
1354
1839
1757
1320
1953
1986
1348
1955
1799
1425
1939
1732
1592
1602
1844
1447
1869
1541
1324
1697
1890
1895
1768
1491
1386
1322
1909
1464
1839
1845
1707
1334
1304
1580
1542
1318
1331
1697
1974
1587
1729
1623
1893
1857
1674
1686
1842
1759
1743
1969
1725
1818
1642
1895
1393
1341
1443
1584
1828
1902
1579
1966
1665
1374
1815
1368
1454
1506
1661
1393
1493
1537
1764
1952
1871
1658
1970
1657
1869
1867
1978
1368
1657
1832
1804
1778
1316
1555
1998
1421
1959
1961
1302
1782
1849
1574
1582
1495
1841
1681
1688
1818
1633
1625
1478
1976
1337
1608
1738
1576
1380
1423
1603
1300
1825
1619
1872
1543
1487
1792
1422
1896
1731
1791
1553
1345
1459
1407
1761
1855
1607
1858
1491
1964
1871
1425
1451
1895
1662
1709
1758
1639
1924
1392
1759
1709
1440
1956
1547
1508
1720
1638
1528
1519
1936
1501
1821
1843
1724
1412
1482
1653
1977
1332
1523
1834
1478
1442
1826
1320
1984
1300
1423
1691
1433
1578
1929
1769
1497
1720
1986
1428
1602
1720
1906
1546
1506
1840
1868
1338
1758
1875
1780
1494
1444
1372
1410
1811
1668
1725
1592
1441
1376
1341
1761
1342
1521
1683
1725
1506
1741
1941
1407
1857
1536
1937
1847
1836
1421
1584
1462
1519
1706
1799
1824
1365
1438
1497
1628
1541
1730
1479
1712
1540
1968
1527
1641
1767
1539
1998
1455
1800
1400
1676
1818
1520
1539
1959
1810
1848
1700
1400
1725
1601
1373
1679
1971
1504
1322
1835
1976
1485
1638
1560
1509
1912
1516
1501
1794
1733
1969
1748
1737
1519
1754
1453
1874
1421
1303
1638
1608
1321
1812
1522
1930
1733
1865
1530
1783
1850
1403
1941
1954
1851
1541
1682
1464
1417
1312
1415
1975
1828
1597
1435
1529
1724
1632
1784
1607
1893
1508
1563
1701
1550
1488
1386
1641
1624
1488
1387
1915
1472
1521
1744
1512
1407
1891
1627
1302
1995
1747
1744
1543
1813
1816
1803
1976
1522
1836
1662
1341
1787
1703
1913
1763
1621
1782
1963
1866
1848
1717
1343
1833
1836
1625
1391
1532
1617
1445
1748
1817
1382
1347
1380
1641
1319
1393
1754
1747
1725
1907
1693
1718
1307
1713
1614
1723
1528
1876
1333
1736
1819
1983
1560
1739
1983
1573
1350
1962
1940
1808
1731
1668
1699
1666
1615
1811
1381
1969
1642
1569
1943
1598
1327
1323
1422
1419
1923
1851
1524
1318
1309
1457
1937
1978
1655
1624
1475
1409
1721
1565
1564
1574