64
54
40
8
58
65
54
37
61
66
40
13
45
88
83
25
22
79
94
78
8
18
50
12
29
39
41
85
15
18
67
88
49
30
16
98
28
32
13
67
63
75
69
88
1
92
12
83
32
47
35
55
93
89
80
76
33
81
71
29
73
28
81
97
73
80
36
11
52
93
69
50
90
92
76
43
48
77
24
6
40
40
95
91
98
66
76
78
5
71
85
13
64
6
41
38
11
55
85
46
93
44
33
63
85
84
21
35
37
44
52
18
26
53
9
25
99
57
56
31
71
19
69
78
25
48
33
85
13
13
82
75
80
5
4
29
19
61
65
85
19
63
85
41
85
99
60
64
64
21
45
34
1
70
11
33
50
25
64
47
92
74
61
71
35
62
26
17
5
69
89
10
20
46
68
47
30
49
89
74
70
63
6
93
75
10
98
16
91
40
17
75
2
50
93
35
94
37
55
17
61
63
13
16
94
38
21
50
29
49
47
68
99
49
80
37
73
38
19
34
8
90
96
18
54
8
11
83
82
91
70
26
15
81
64
42
31
66
49
90
59
89
34
92
15
75
47
24
7
58
90
80
84
15
1
41
11
52
31
5
20
78
53
68
50
49
68
80
7
25
1
56
45
14
23
23
96
76
96
66
24
37
31
33
4
39
3
3
65
68
46
24
29
63
15
14
53
99
82
4
7
52
59
52
85
7
38
45
97
55
17
36
68
71
84
67
13
43
32
90
47
30
75
51
58
79
73
42
95
14
47
59
22
96
6
92
23
37
48
35
9
73
13
36
62
51
72
85
74
67
30
38
66
94
34
75
54
69
10
35
4
2
31
63
23
19
45
43
95
18
29
63
41
37
62
90
19
58
70
12
23
33
91
69
90
89
30
95
94
3
59
70
87
95
59
8
88
9
28
61
69
48
69
57
36
39
42
76
89
44
41
45
84
27
43
52
86
38
96
86
12
25
99
35
56
32
19
72
38
95
57
36
78
97
39
22
99
6
23
7
29
48
47
58
56
1
69
20
18
21
6
42
97
32
31
94
24
49
58
88
11
99
94
76
98
83
81
51
5
22
13
9
57
38
7
23
56
90
81
31
70
80
22
4
23
39
95
42
17
16
12
97
89
14
76
77
65
67
74
51
52
21
76
28
72
61
89
3
37
45
99
75
78
21
4
17
45
18
65
99
21
6
10
94
17
55
67
61
91
83
59
27
2
2
99
43
36
87
38
7
23
15
29
95
49
8
94
29
96
72
57
78
24
28
75
18
15
19
72
97
17
26
53
97
65
11
69
77
21
14
83
6
52
47
62
64
89
51
38
15
1
11
12
73
89
41
6
74
21
44
35
95
99
4
73
3
56
24
96
64
57
78
64
60
64
83
36
10
13
62
19
74
45
9
48
23
96
60
96
17
96
47
12
78
11
76
14
35
5
59
98
11
98
19
29
53
31
6
67
24
23
36
6
78
84
49
89
56
34
45
22
10
55
22
29
34
63
45
63
27
36
38
74
20
59
49
4
17
49
33
46
12
57
20
48
53
50
73
69
62
5
95
22
19
29
95
94
6
8
76
21
10
98
92
88
23
25
23
33
80
46
8
94
37
49
56
85
99
8
95
31
29
23
12
62
71
78
83
99
36
18
13
83
2
10
39
23
8
15
98
13
74
44
46
83
19
50
41
88
49
5
76
80
97
58
27
15
81
49
76
81
88
67
19
6
11
44
13
10
93
51
28
85
43
6
29
59
40
57
75
19
67
69
98
66
36
97
82
2
77
4
9
9
44
85
75
51
65
43
33
43
29
48
65
24
61
49
24
72
91
79
22
40
16
97
95
4
58
53
45
33
58
95
26
67
79
99
68
54
78
68
19
56
60
52
91
80
45
78
14
65
13
55
69
91
10
77
53
34
62
1
5
65
90
64
20
62
33
98
28
63
19
55
18
83
65
32
19
45
70
23
71
70
2
91
43
79
14
61
12
17
15
67
21
72
76
27
85
59
60
99
19
44
50
47
83
13
76
95
27
72
21
61
45
18
98
90
60
59
40
43
3
94
38
4
16
27
53
58
1
52
23
55
81
29
21
29
26
29
84
18
83
86
37
85
16
46
41
4
98
39
46
32
30
24
95
74
73
59
50
3
75
15
43
80
41
97
59
83
96
90
93
66
22
76
56
63
34
32
57
26
65
55
1
62
49
10
72
43
8
54
43
2
17
18
43
15
64
1
3
11
96
71
59
75
34
10
98
50
99
38
75
88
83
8
76
39
39
9
35