5416
4040
1486
2628
6778
4884
6994
6120
5623
6707
1681
2772
2011
5779
2223
2656
1327
2448
3530
1481
6476
2849
6912
5085
3771
4687
4642
2417
3217
4037
2302
1445
4842
2176
4099
6212
2209
4269
4230
2231
4364
2718
5787
6684
4897
1317
1586
2768
2452
3091
4306
4497
6880
4181
2346
3152
6288
6211
6348
2895
1918
4840
1304
4565
3425
5636
5446
5213
6129
5295
4605
1782
5023
3118
1512
5332
1349
1891
3304
3844
5344
1597
3976
4268
4303
6235
1532
4449
5954
6867
3791
6084
6632
6361
1266
1950
2541
6215
4128
2208
5463
1496
3999
5764
1903
1528
3413
5415
5408
4695
4735
2948
4181
3658
5708
4502
5402
6224
2855
3955
4846
6244
4361
5174
4209
4170
5590
1677
5974
5006
2207
6861
4272
3391
6210
6672
2332
1318
1251
5630
4373
6761
1349
3570
4260
1650
1495
5282
5767
2790
3532
5357
4971
4377
2599
5094
6204
5520
1011
6837
2068
4699
5673
2710
3449
5387
6994
4821
2232
6941
3762
4641
5371
5288
1000
2893
3976
2634
6220
5422
1674
2733
1770
3336
2251
1141
2493
3864
3085
3646
4907
6646
6468
2567
2314
3046
4516
1038
3834
2580
3286
6775
1640
2270
6470
3942
1049
2763
1826
5174
5340
1134
1125
3785
4302
3667
1245
2142
2796
3223
1334
2042
3769
1202
6422
2215
6391
6564
1101
3071
1853
4338
4461
4094
1446
6052
4649
3854
3921
5760
3682
1637
5969
6723
3685
6433
6451
5489
2624
3344
5819
4639
5176
6219
4205
4988
3245
5239
2229
2795
4855
2365
1223
3084
1232
2427
2460
6968
1021
3413
4553
6334
5182
5676
6787
6145
6576
2890
2870
1235
3172
6023
1897
3602
5235
6292
6731
1498
1111
6191
6461
3940
3342
2747
2785
6765
6166
5163
1508
5681
2949
1838
5679
1912
6566
4440
2070
4736
5543
5946
4787
5096
2651
3902
3412
4913
2993
5939
4428
5333
1226
2126
1195
4545
3545
3505
2569
4893
2427
3639
6698
4460
5597
2642
1903
6074
3975
6270
4653
3958
4719
1890
5418
5434
5086
4240
5649
6007
2431
2152
5881
5825
6279
5864
3075
1456
2750
3841
1512
6585
3156
1916
2657
3074
3959
3459
4512
5015
1897
1568
1144
2349
1423
5863
5227
3150
5065
1608
5481
2857
5732
2849
4924
6839
2378
3780
5549
4875
1079
6469
4465
3507
4785
3873
1863
2333
1733
4023
6717
5174
5062
2943
6567
3090
4862
1438
5833
1395
3128
6634
5279
6673
4104
1633
3455
3459
5561
2718
4660
2863
3038
4709
1664
1913
1290
1128
5006
6204
1243
5132
4376
2122
6656
3015
1861
3089
6393
4291
2188
4067
5936
6028
1508
5312
2396
4563
4108
4295
3706
6627
1847
3787
6298
4039
2471
5690
6716
5465
1593
4914
1859
6140
4895
1868
1988
3836
5131
3921
5362
6428
6812
6481
1990
1340
2027
1098
4481
6517
5591
3738
2508
2624
1315
1471
4849
4021
4904
1926
4588
5787
5849
3611
2154
2029
1887
6481
4539
2430
5891
4537
6546
2740
4939
3398
1396
1602
4740
2742
1878
4462
5037
2773
1047
1317
1868
2548
1517
1939
4780
2652
5720
1793
1716
1409
1932
1011
5822
3684
5784
5626
5492
6206
1951
6484
1795
5548
6415
5989
2835
6049
3059
1671
2875
4220
4722
4551
6318
2724
4130
3253
1024
2125
2858
6643
6902
5589
5600
4310
1943
3120
1695
2637
4249
6117
3296
6420
1663
1911
5677
2930
6250
1577
6808
1246
6344
2255
2219
1982
1759
1294
3729
1515
6487
4515
6764
1656
1991
3556
6192
4652
2740
3529
1780
2866
1805
3401
3931
4247
1270
4323
6695
3757
4054
1020
5338
2759
4869
1084
6602
4247
5166
1147
1713
5122
2214
2265
5893
6723
2473
3705
2038
3607
2340
3808
6918
3501
6830
5602
4919
4597
3699
5313
1568
1289
2117
3573
3389
5788
6934
6157
5058
3944
1726
6651
2171
5662
1979
1337
4592
5195
2283
2657
3777
1795
1227
5702
1715
6822
5837
3011
2987
3197
4387
6480
6720
1799
6614
4088
5525
6114
4169
6565
4588
5510
2899
1567
5884
6502
4745
1063
1964
1487
2351
2606
3453
2557
1536
6778
2032
1596
1853
3846
4812
5687
6336
2206
4252
2188
1435
1256
3019
4052
5122
4045
5283
2029
5560
3405
6163
5872
5075
6872
5948
3615
4121
6665
2066
1677
5124
2131
3373
2149
4168
1358
4393
4348
2779
3271
5301
1298
4653
5737
3367
6250
6020
2598
5670
5764
3828
1605
6116
2576
5838
2269
4768
2339
2730
5000
3628
3978
1641
6239
6438
5525
3926
3577
6105
6565
1758
6324
3635
3625
3214
6907
4616
3139
3382
3230
5787
6926
4556
5385
4777
6475
4678
6958
1319
1776
6290
1039
5994
4769
5927
4835
1879
2317
2720
1712
2337
1151
6429
5218
1344
3860
5041
2663
1841
4812
6023
6170
5455
5243
4978
1850
2989
1320
3721
6297
3999
1666
6546
1821
4809
3824
6157
3747
1778
3780
6691
2296
4115
3626
4453
6387
2682
3640
5585
3509
3606
6191
1120
4427
1716
5410
3679
4961
2430
4273
2087
3000
3899
5494
6944
1662
6252
6649
2790
5122
3202
5451
1484
1614
1537
5115
3754
2253
1228
4353
6973
5558
5053
6776
1394
4286
5693
5277
5788
1745
1830
3083
1393
1630
2548
5818
4308
6565
3722
3058
6177
4614
4614
3498
6578
1323
5334
2111
5190
5820
6577
6326
5709
1846
5817
5854
2216
4425
2797
2639
6098
6688
4145
1100
4829
4062
3919
6660
2145
6772
5105
3177
4281
1523
2129
2336
3401
6482
5066
3167
3455
5466
3525
3218
1193
6518
1552
2766
2031
5954
4375
2272
2528
3455
3588
3631
2782
6188
1567
3443
1282
6353
6286
1265
6195
4325
4127
4264
4567
3781
3718
2496
3333
2239
4855
2664
1622
2266
1690
2790
1696
2262
1847
4755
3211
5778
6536
6599
1072
1610
1517
4149
6954
3123
5739
1369
6433
1128
1966
6923
6060
6286
2523
2099
2481
5239
3902
4821
6484
6895
3839
6951
5888
6831
5074
6381
6749
3740
5621
3545
6885
6227